delta_0=[
 [54, 166, 0],
 [54, 165, -22],
 [52, 161, -45],
 [50, 154, -66],
 [47, 144, -87],
 [43, 132, -106],
 [38, 118, -123],
 [33, 101, -138],
 [27, 83, -151],
 [21, 64, -161],
 [14, 43, -169],
 [-142, 103, 0],
 [-140, 102, -22],
 [-137, 99, -45],
 [-131, 95, -66],
 [-123, 89, -87],
 [-112, 82, -106],
 [-100, 73, -123],
 [-86, 63, -138],
 [-71, 51, -151],
 [-54, 39, -161],
 [-37, 27, -169],
 [-142, -103, 0],
 [-140, -102, -22],
 [-137, -99, -45],
 [-131, -95, -66],
 [-123, -89, -87],
 [-112, -82, -106],
 [-100, -73, -123],
 [-86, -63, -138],
 [-71, -51, -151],
 [-54, -39, -161],
 [-37, -27, -169],
 [54, -166, 0],
 [54, -165, -22],
 [52, -161, -45],
 [50, -154, -66],
 [47, -144, -87],
 [43, -132, -106],
 [38, -118, -123],
 [33, -101, -138],
 [27, -83, -151],
 [21, -64, -161],
 [14, -43, -169],
 [175, 0, 0],
 [174, 0, -22],
 [169, 0, -45],
 [162, 0, -66],
 [152, 0, -87],
 [139, 0, -106],
 [124, 0, -123],
 [107, 0, -138],
 [88, 0, -151],
 [67, 0, -161],
 [45, 0, -169],
 [0, 0, -175],
 [0, 0, 0],
 [212, 154, 0],
 [81, 250, 0],
 [-81, 250, 0],
 [-212, 154, 0],
 [-262, 0, 0],
 [-212, -154, 0],
 [-81, -250, 0],
 [81, -250, 0],
 [212, -154, 0],
 [262, 0, 0],
 ]


delta_1=[
 [0, 11],
 [0, 1],
 [1, 2],
 [2, 3],
 [3, 4],
 [4, 5],
 [5, 6],
 [6, 7],
 [7, 8],
 [8, 9],
 [9, 10],
 [10, 55],
 [0, 56],
 [0, 57],
 [0, 58],
 [0, 59],
 [11, 22],
 [11, 12],
 [12, 13],
 [13, 14],
 [14, 15],
 [15, 16],
 [16, 17],
 [17, 18],
 [18, 19],
 [19, 20],
 [20, 21],
 [21, 55],
 [11, 56],
 [11, 59],
 [11, 60],
 [11, 61],
 [22, 33],
 [22, 23],
 [23, 24],
 [24, 25],
 [25, 26],
 [26, 27],
 [27, 28],
 [28, 29],
 [29, 30],
 [30, 31],
 [31, 32],
 [32, 55],
 [22, 56],
 [22, 61],
 [22, 62],
 [22, 63],
 [33, 44],
 [33, 34],
 [34, 35],
 [35, 36],
 [36, 37],
 [37, 38],
 [38, 39],
 [39, 40],
 [40, 41],
 [41, 42],
 [42, 43],
 [43, 55],
 [33, 56],
 [33, 63],
 [33, 64],
 [33, 65],
 [44, 0],
 [44, 45],
 [45, 46],
 [46, 47],
 [47, 48],
 [48, 49],
 [49, 50],
 [50, 51],
 [51, 52],
 [52, 53],
 [53, 54],
 [54, 55],
 [44, 56],
 [44, 65],
 [44, 66],
 [44, 57],
 [57, 58],
 [58, 59],
 [59, 60],
 [60, 61],
 [61, 62],
 [62, 63],
 [63, 64],
 [64, 65],
 [65, 66],
 [66, 57],
 ]


delta_2=[
 [0, 11, 56],
 [0, 11, 59],
 [0, 44, 56],
 [0, 44, 57],
 [0, 57, 58],
 [0, 58, 59],
 [11, 22, 56],
 [11, 22, 61],
 [11, 59, 60],
 [11, 60, 61],
 [22, 33, 56],
 [22, 33, 63],
 [22, 61, 62],
 [22, 62, 63],
 [33, 44, 56],
 [33, 44, 65],
 [33, 63, 64],
 [33, 64, 65],
 [44, 57, 66],
 [44, 65, 66],
 ]
