delta_0=[
 [231, 0, -69],
 [231, 0, -35],
 [231, 0, 0],
 [231, 0, 35],
 [231, 0, 69],
 [209, 68, -68],
 [214, 69, -35],
 [219, 71, 0],
 [224, 73, 35],
 [229, 74, 68],
 [170, 123, -66],
 [178, 130, -33],
 [187, 136, 0],
 [196, 142, 33],
 [204, 149, 66],
 [118, 162, -61],
 [127, 174, -31],
 [136, 187, 0],
 [145, 200, 31],
 [154, 212, 61],
 [58, 180, -56],
 [65, 199, -28],
 [71, 219, 0],
 [77, 239, 28],
 [84, 258, 56],
 [0, 182, -49],
 [0, 206, -25],
 [0, 231, 0],
 [0, 256, 25],
 [0, 280, 49],
 [-54, 166, -41],
 [-62, 192, -21],
 [-71, 219, 0],
 [-80, 246, 21],
 [-88, 272, 41],
 [-100, 137, -31],
 [-118, 162, -16],
 [-136, 187, 0],
 [-154, 212, 16],
 [-172, 237, 31],
 [-134, 97, -21],
 [-160, 116, -11],
 [-187, 136, 0],
 [-214, 156, 11],
 [-240, 175, 21],
 [-154, 50, -11],
 [-186, 60, -5],
 [-219, 71, 0],
 [-252, 82, 5],
 [-284, 92, 11],
 [-162, 0, 0],
 [-196, 0, 0],
 [-231, 0, 0],
 [-266, 0, 0],
 [-300, 0, 0],
 [-154, -50, 11],
 [-186, -60, 5],
 [-219, -71, 0],
 [-252, -82, -5],
 [-284, -92, -11],
 [-134, -97, 21],
 [-160, -116, 11],
 [-187, -136, 0],
 [-214, -156, -11],
 [-240, -175, -21],
 [-100, -137, 31],
 [-118, -162, 16],
 [-136, -187, 0],
 [-154, -212, -16],
 [-172, -237, -31],
 [-54, -166, 41],
 [-62, -192, 21],
 [-71, -219, 0],
 [-80, -246, -21],
 [-88, -272, -41],
 [0, -182, 49],
 [0, -206, 25],
 [0, -231, 0],
 [0, -256, -25],
 [0, -280, -49],
 [58, -180, 56],
 [65, -199, 28],
 [71, -219, 0],
 [77, -239, -28],
 [84, -258, -56],
 [118, -162, 61],
 [127, -174, 31],
 [136, -187, 0],
 [145, -200, -31],
 [154, -212, -61],
 [170, -123, 66],
 [178, -130, 33],
 [187, -136, 0],
 [196, -142, -33],
 [204, -149, -66],
 [209, -68, 68],
 [214, -69, 35],
 [219, -71, 0],
 [224, -73, -35],
 [229, -74, -68],
 ]


delta_1=[
 [0, 1],
 [1, 2],
 [2, 3],
 [3, 4],
 [5, 6],
 [6, 7],
 [7, 8],
 [8, 9],
 [10, 11],
 [11, 12],
 [12, 13],
 [13, 14],
 [15, 16],
 [16, 17],
 [17, 18],
 [18, 19],
 [20, 21],
 [21, 22],
 [22, 23],
 [23, 24],
 [25, 26],
 [26, 27],
 [27, 28],
 [28, 29],
 [30, 31],
 [31, 32],
 [32, 33],
 [33, 34],
 [35, 36],
 [36, 37],
 [37, 38],
 [38, 39],
 [40, 41],
 [41, 42],
 [42, 43],
 [43, 44],
 [45, 46],
 [46, 47],
 [47, 48],
 [48, 49],
 [50, 51],
 [51, 52],
 [52, 53],
 [53, 54],
 [55, 56],
 [56, 57],
 [57, 58],
 [58, 59],
 [60, 61],
 [61, 62],
 [62, 63],
 [63, 64],
 [65, 66],
 [66, 67],
 [67, 68],
 [68, 69],
 [70, 71],
 [71, 72],
 [72, 73],
 [73, 74],
 [75, 76],
 [76, 77],
 [77, 78],
 [78, 79],
 [80, 81],
 [81, 82],
 [82, 83],
 [83, 84],
 [85, 86],
 [86, 87],
 [87, 88],
 [88, 89],
 [90, 91],
 [91, 92],
 [92, 93],
 [93, 94],
 [95, 96],
 [96, 97],
 [97, 98],
 [98, 99],
 [0, 5],
 [0, 6],
 [1, 6],
 [1, 7],
 [2, 7],
 [2, 8],
 [3, 8],
 [3, 9],
 [4, 9],
 [5, 10],
 [5, 11],
 [6, 11],
 [6, 12],
 [7, 12],
 [7, 13],
 [8, 13],
 [8, 14],
 [9, 14],
 [10, 15],
 [10, 16],
 [11, 16],
 [11, 17],
 [12, 17],
 [12, 18],
 [13, 18],
 [13, 19],
 [14, 19],
 [15, 20],
 [15, 21],
 [16, 21],
 [16, 22],
 [17, 22],
 [17, 23],
 [18, 23],
 [18, 24],
 [19, 24],
 [20, 25],
 [20, 26],
 [21, 26],
 [21, 27],
 [22, 27],
 [22, 28],
 [23, 28],
 [23, 29],
 [24, 29],
 [25, 30],
 [25, 31],
 [26, 31],
 [26, 32],
 [27, 32],
 [27, 33],
 [28, 33],
 [28, 34],
 [29, 34],
 [30, 35],
 [30, 36],
 [31, 36],
 [31, 37],
 [32, 37],
 [32, 38],
 [33, 38],
 [33, 39],
 [34, 39],
 [35, 40],
 [35, 41],
 [36, 41],
 [36, 42],
 [37, 42],
 [37, 43],
 [38, 43],
 [38, 44],
 [39, 44],
 [40, 45],
 [40, 46],
 [41, 46],
 [41, 47],
 [42, 47],
 [42, 48],
 [43, 48],
 [43, 49],
 [44, 49],
 [45, 50],
 [45, 51],
 [46, 51],
 [46, 52],
 [47, 52],
 [47, 53],
 [48, 53],
 [48, 54],
 [49, 54],
 [50, 55],
 [50, 56],
 [51, 56],
 [51, 57],
 [52, 57],
 [52, 58],
 [53, 58],
 [53, 59],
 [54, 59],
 [55, 60],
 [55, 61],
 [56, 61],
 [56, 62],
 [57, 62],
 [57, 63],
 [58, 63],
 [58, 64],
 [59, 64],
 [60, 65],
 [60, 66],
 [61, 66],
 [61, 67],
 [62, 67],
 [62, 68],
 [63, 68],
 [63, 69],
 [64, 69],
 [65, 70],
 [65, 71],
 [66, 71],
 [66, 72],
 [67, 72],
 [67, 73],
 [68, 73],
 [68, 74],
 [69, 74],
 [70, 75],
 [70, 76],
 [71, 76],
 [71, 77],
 [72, 77],
 [72, 78],
 [73, 78],
 [73, 79],
 [74, 79],
 [75, 80],
 [75, 81],
 [76, 81],
 [76, 82],
 [77, 82],
 [77, 83],
 [78, 83],
 [78, 84],
 [79, 84],
 [80, 85],
 [80, 86],
 [81, 86],
 [81, 87],
 [82, 87],
 [82, 88],
 [83, 88],
 [83, 89],
 [84, 89],
 [85, 90],
 [85, 91],
 [86, 91],
 [86, 92],
 [87, 92],
 [87, 93],
 [88, 93],
 [88, 94],
 [89, 94],
 [90, 95],
 [90, 96],
 [91, 96],
 [91, 97],
 [92, 97],
 [92, 98],
 [93, 98],
 [93, 99],
 [94, 99],
 [95, 4],
 [95, 3],
 [96, 3],
 [96, 2],
 [97, 2],
 [97, 1],
 [98, 1],
 [98, 0],
 [99, 0],
 ]


delta_2=[
 [0, 1, 6],
 [0, 1, 98],
 [0, 5, 6],
 [0, 98, 99],
 [1, 2, 7],
 [1, 2, 97],
 [1, 6, 7],
 [1, 97, 98],
 [2, 3, 8],
 [2, 3, 96],
 [2, 7, 8],
 [2, 96, 97],
 [3, 4, 9],
 [3, 4, 95],
 [3, 8, 9],
 [3, 95, 96],
 [5, 6, 11],
 [5, 10, 11],
 [6, 7, 12],
 [6, 11, 12],
 [7, 8, 13],
 [7, 12, 13],
 [8, 9, 14],
 [8, 13, 14],
 [10, 11, 16],
 [10, 15, 16],
 [11, 12, 17],
 [11, 16, 17],
 [12, 13, 18],
 [12, 17, 18],
 [13, 14, 19],
 [13, 18, 19],
 [15, 16, 21],
 [15, 20, 21],
 [16, 17, 22],
 [16, 21, 22],
 [17, 18, 23],
 [17, 22, 23],
 [18, 19, 24],
 [18, 23, 24],
 [20, 21, 26],
 [20, 25, 26],
 [21, 22, 27],
 [21, 26, 27],
 [22, 23, 28],
 [22, 27, 28],
 [23, 24, 29],
 [23, 28, 29],
 [25, 26, 31],
 [25, 30, 31],
 [26, 27, 32],
 [26, 31, 32],
 [27, 28, 33],
 [27, 32, 33],
 [28, 29, 34],
 [28, 33, 34],
 [30, 31, 36],
 [30, 35, 36],
 [31, 32, 37],
 [31, 36, 37],
 [32, 33, 38],
 [32, 37, 38],
 [33, 34, 39],
 [33, 38, 39],
 [35, 36, 41],
 [35, 40, 41],
 [36, 37, 42],
 [36, 41, 42],
 [37, 38, 43],
 [37, 42, 43],
 [38, 39, 44],
 [38, 43, 44],
 [40, 41, 46],
 [40, 45, 46],
 [41, 42, 47],
 [41, 46, 47],
 [42, 43, 48],
 [42, 47, 48],
 [43, 44, 49],
 [43, 48, 49],
 [45, 46, 51],
 [45, 50, 51],
 [46, 47, 52],
 [46, 51, 52],
 [47, 48, 53],
 [47, 52, 53],
 [48, 49, 54],
 [48, 53, 54],
 [50, 51, 56],
 [50, 55, 56],
 [51, 52, 57],
 [51, 56, 57],
 [52, 53, 58],
 [52, 57, 58],
 [53, 54, 59],
 [53, 58, 59],
 [55, 56, 61],
 [55, 60, 61],
 [56, 57, 62],
 [56, 61, 62],
 [57, 58, 63],
 [57, 62, 63],
 [58, 59, 64],
 [58, 63, 64],
 [60, 61, 66],
 [60, 65, 66],
 [61, 62, 67],
 [61, 66, 67],
 [62, 63, 68],
 [62, 67, 68],
 [63, 64, 69],
 [63, 68, 69],
 [65, 66, 71],
 [65, 70, 71],
 [66, 67, 72],
 [66, 71, 72],
 [67, 68, 73],
 [67, 72, 73],
 [68, 69, 74],
 [68, 73, 74],
 [70, 71, 76],
 [70, 75, 76],
 [71, 72, 77],
 [71, 76, 77],
 [72, 73, 78],
 [72, 77, 78],
 [73, 74, 79],
 [73, 78, 79],
 [75, 76, 81],
 [75, 80, 81],
 [76, 77, 82],
 [76, 81, 82],
 [77, 78, 83],
 [77, 82, 83],
 [78, 79, 84],
 [78, 83, 84],
 [80, 81, 86],
 [80, 85, 86],
 [81, 82, 87],
 [81, 86, 87],
 [82, 83, 88],
 [82, 87, 88],
 [83, 84, 89],
 [83, 88, 89],
 [85, 86, 91],
 [85, 90, 91],
 [86, 87, 92],
 [86, 91, 92],
 [87, 88, 93],
 [87, 92, 93],
 [88, 89, 94],
 [88, 93, 94],
 [90, 91, 96],
 [90, 95, 96],
 [91, 92, 97],
 [91, 96, 97],
 [92, 93, 98],
 [92, 97, 98],
 [93, 94, 99],
 [93, 98, 99],
 ]
