delta_0=[
 [231, 0, -69],
 [231, 0, -35],
 [231, 0, 35],
 [231, 0, 69],
 [209, 68, -68],
 [214, 69, -35],
 [224, 73, 35],
 [229, 74, 68],
 [170, 123, -66],
 [178, 130, -33],
 [196, 142, 33],
 [204, 149, 66],
 [118, 162, -61],
 [127, 174, -31],
 [145, 200, 31],
 [154, 212, 61],
 [58, 180, -56],
 [65, 199, -28],
 [77, 239, 28],
 [84, 258, 56],
 [0, 182, -49],
 [0, 206, -25],
 [0, 256, 25],
 [0, 280, 49],
 [-54, 166, -41],
 [-62, 192, -21],
 [-80, 246, 21],
 [-88, 272, 41],
 [-100, 137, -31],
 [-118, 162, -16],
 [-154, 212, 16],
 [-172, 237, 31],
 [-134, 97, -21],
 [-160, 116, -11],
 [-214, 156, 11],
 [-240, 175, 21],
 [-154, 50, -11],
 [-186, 60, -5],
 [-252, 82, 5],
 [-284, 92, 11],
 [-162, 0, 0],
 [-196, 0, 0],
 [-266, 0, 0],
 [-300, 0, 0],
 [-154, -50, 11],
 [-186, -60, 5],
 [-252, -82, -5],
 [-284, -92, -11],
 [-134, -97, 21],
 [-160, -116, 11],
 [-214, -156, -11],
 [-240, -175, -21],
 [-100, -137, 31],
 [-118, -162, 16],
 [-154, -212, -16],
 [-172, -237, -31],
 [-54, -166, 41],
 [-62, -192, 21],
 [-80, -246, -21],
 [-88, -272, -41],
 [0, -182, 49],
 [0, -206, 25],
 [0, -256, -25],
 [0, -280, -49],
 [58, -180, 56],
 [65, -199, 28],
 [77, -239, -28],
 [84, -258, -56],
 [118, -162, 61],
 [127, -174, 31],
 [145, -200, -31],
 [154, -212, -61],
 [170, -123, 66],
 [178, -130, 33],
 [196, -142, -33],
 [204, -149, -66],
 [209, -68, 68],
 [214, -69, 35],
 [224, -73, -35],
 [229, -74, -68],
 ]


delta_1=[
 [0, 1],
 [2, 3],
 [4, 5],
 [6, 7],
 [8, 9],
 [10, 11],
 [12, 13],
 [14, 15],
 [16, 17],
 [18, 19],
 [20, 21],
 [22, 23],
 [24, 25],
 [26, 27],
 [28, 29],
 [30, 31],
 [32, 33],
 [34, 35],
 [36, 37],
 [38, 39],
 [40, 41],
 [42, 43],
 [44, 45],
 [46, 47],
 [48, 49],
 [50, 51],
 [52, 53],
 [54, 55],
 [56, 57],
 [58, 59],
 [60, 61],
 [62, 63],
 [64, 65],
 [66, 67],
 [68, 69],
 [70, 71],
 [72, 73],
 [74, 75],
 [76, 77],
 [78, 79],
 [0, 4],
 [0, 5],
 [1, 5],
 [2, 6],
 [2, 7],
 [3, 7],
 [4, 8],
 [4, 9],
 [5, 9],
 [6, 10],
 [6, 11],
 [7, 11],
 [8, 12],
 [8, 13],
 [9, 13],
 [10, 14],
 [10, 15],
 [11, 15],
 [12, 16],
 [12, 17],
 [13, 17],
 [14, 18],
 [14, 19],
 [15, 19],
 [16, 20],
 [16, 21],
 [17, 21],
 [18, 22],
 [18, 23],
 [19, 23],
 [20, 24],
 [20, 25],
 [21, 25],
 [22, 26],
 [22, 27],
 [23, 27],
 [24, 28],
 [24, 29],
 [25, 29],
 [26, 30],
 [26, 31],
 [27, 31],
 [28, 32],
 [28, 33],
 [29, 33],
 [30, 34],
 [30, 35],
 [31, 35],
 [32, 36],
 [32, 37],
 [33, 37],
 [34, 38],
 [34, 39],
 [35, 39],
 [36, 40],
 [36, 41],
 [37, 41],
 [38, 42],
 [38, 43],
 [39, 43],
 [40, 44],
 [40, 45],
 [41, 45],
 [42, 46],
 [42, 47],
 [43, 47],
 [44, 48],
 [44, 49],
 [45, 49],
 [46, 50],
 [46, 51],
 [47, 51],
 [48, 52],
 [48, 53],
 [49, 53],
 [50, 54],
 [50, 55],
 [51, 55],
 [52, 56],
 [52, 57],
 [53, 57],
 [54, 58],
 [54, 59],
 [55, 59],
 [56, 60],
 [56, 61],
 [57, 61],
 [58, 62],
 [58, 63],
 [59, 63],
 [60, 64],
 [60, 65],
 [61, 65],
 [62, 66],
 [62, 67],
 [63, 67],
 [64, 68],
 [64, 69],
 [65, 69],
 [66, 70],
 [66, 71],
 [67, 71],
 [68, 72],
 [68, 73],
 [69, 73],
 [70, 74],
 [70, 75],
 [71, 75],
 [72, 76],
 [72, 77],
 [73, 77],
 [74, 78],
 [74, 79],
 [75, 79],
 [76, 3],
 [76, 2],
 [77, 2],
 [78, 1],
 [78, 0],
 [79, 0],
 ]


delta_2=[
 [0, 1, 5],
 [0, 1, 78],
 [0, 4, 5],
 [0, 78, 79],
 [2, 3, 7],
 [2, 3, 76],
 [2, 6, 7],
 [2, 76, 77],
 [4, 5, 9],
 [4, 8, 9],
 [6, 7, 11],
 [6, 10, 11],
 [8, 9, 13],
 [8, 12, 13],
 [10, 11, 15],
 [10, 14, 15],
 [12, 13, 17],
 [12, 16, 17],
 [14, 15, 19],
 [14, 18, 19],
 [16, 17, 21],
 [16, 20, 21],
 [18, 19, 23],
 [18, 22, 23],
 [20, 21, 25],
 [20, 24, 25],
 [22, 23, 27],
 [22, 26, 27],
 [24, 25, 29],
 [24, 28, 29],
 [26, 27, 31],
 [26, 30, 31],
 [28, 29, 33],
 [28, 32, 33],
 [30, 31, 35],
 [30, 34, 35],
 [32, 33, 37],
 [32, 36, 37],
 [34, 35, 39],
 [34, 38, 39],
 [36, 37, 41],
 [36, 40, 41],
 [38, 39, 43],
 [38, 42, 43],
 [40, 41, 45],
 [40, 44, 45],
 [42, 43, 47],
 [42, 46, 47],
 [44, 45, 49],
 [44, 48, 49],
 [46, 47, 51],
 [46, 50, 51],
 [48, 49, 53],
 [48, 52, 53],
 [50, 51, 55],
 [50, 54, 55],
 [52, 53, 57],
 [52, 56, 57],
 [54, 55, 59],
 [54, 58, 59],
 [56, 57, 61],
 [56, 60, 61],
 [58, 59, 63],
 [58, 62, 63],
 [60, 61, 65],
 [60, 64, 65],
 [62, 63, 67],
 [62, 66, 67],
 [64, 65, 69],
 [64, 68, 69],
 [66, 67, 71],
 [66, 70, 71],
 [68, 69, 73],
 [68, 72, 73],
 [70, 71, 75],
 [70, 74, 75],
 [72, 73, 77],
 [72, 76, 77],
 [74, 75, 79],
 [74, 78, 79],
 ]
