delta_0=[
 [68, 50, -287],
 [131, 95, -252],
 [183, 133, -196],
 [221, 160, -124],
 [240, 175, -42],
 [240, 175, 42],
 [221, 160, 124],
 [183, 133, 196],
 [131, 95, 252],
 [68, 50, 287],
 [26, 80, -287],
 [50, 154, -252],
 [70, 216, -196],
 [84, 260, -124],
 [92, 282, -42],
 [92, 282, 42],
 [84, 260, 124],
 [70, 216, 196],
 [50, 154, 252],
 [26, 80, 287],
 [-26, 80, -287],
 [-50, 154, -252],
 [-70, 216, -196],
 [-84, 260, -124],
 [-92, 282, -42],
 [-92, 282, 42],
 [-84, 260, 124],
 [-70, 216, 196],
 [-50, 154, 252],
 [-26, 80, 287],
 [-68, 50, -287],
 [-131, 95, -252],
 [-183, 133, -196],
 [-221, 160, -124],
 [-240, 175, -42],
 [-240, 175, 42],
 [-221, 160, 124],
 [-183, 133, 196],
 [-131, 95, 252],
 [-68, 50, 287],
 [-85, 0, -287],
 [-162, 0, -252],
 [-227, 0, -196],
 [-273, 0, -124],
 [-297, 0, -42],
 [-297, 0, 42],
 [-273, 0, 124],
 [-227, 0, 196],
 [-162, 0, 252],
 [-85, 0, 287],
 [-68, -50, -287],
 [-131, -95, -252],
 [-183, -133, -196],
 [-221, -160, -124],
 [-240, -175, -42],
 [-240, -175, 42],
 [-221, -160, 124],
 [-183, -133, 196],
 [-131, -95, 252],
 [-68, -50, 287],
 [-26, -80, -287],
 [-50, -154, -252],
 [-70, -216, -196],
 [-84, -260, -124],
 [-92, -282, -42],
 [-92, -282, 42],
 [-84, -260, 124],
 [-70, -216, 196],
 [-50, -154, 252],
 [-26, -80, 287],
 [26, -80, -287],
 [50, -154, -252],
 [70, -216, -196],
 [84, -260, -124],
 [92, -282, -42],
 [92, -282, 42],
 [84, -260, 124],
 [70, -216, 196],
 [50, -154, 252],
 [26, -80, 287],
 [68, -50, -287],
 [131, -95, -252],
 [183, -133, -196],
 [221, -160, -124],
 [240, -175, -42],
 [240, -175, 42],
 [221, -160, 124],
 [183, -133, 196],
 [131, -95, 252],
 [68, -50, 287],
 [85, 0, -287],
 [162, 0, -252],
 [227, 0, -196],
 [273, 0, -124],
 [297, 0, -42],
 [297, 0, 42],
 [273, 0, 124],
 [227, 0, 196],
 [162, 0, 252],
 [85, 0, 287],
 [0, 0, -300],
 [0, 0, 300],
 ]


delta_1=[
 [0, 10],
 [0, 1],
 [0, 11],
 [1, 11],
 [1, 2],
 [1, 12],
 [2, 12],
 [2, 3],
 [2, 13],
 [3, 13],
 [3, 4],
 [3, 14],
 [4, 14],
 [4, 5],
 [4, 15],
 [5, 15],
 [5, 6],
 [5, 16],
 [6, 16],
 [6, 7],
 [6, 17],
 [7, 17],
 [7, 8],
 [7, 18],
 [8, 18],
 [8, 9],
 [8, 19],
 [9, 19],
 [0, 100],
 [9, 101],
 [10, 20],
 [10, 11],
 [10, 21],
 [11, 21],
 [11, 12],
 [11, 22],
 [12, 22],
 [12, 13],
 [12, 23],
 [13, 23],
 [13, 14],
 [13, 24],
 [14, 24],
 [14, 15],
 [14, 25],
 [15, 25],
 [15, 16],
 [15, 26],
 [16, 26],
 [16, 17],
 [16, 27],
 [17, 27],
 [17, 18],
 [17, 28],
 [18, 28],
 [18, 19],
 [18, 29],
 [19, 29],
 [10, 100],
 [19, 101],
 [20, 30],
 [20, 21],
 [20, 31],
 [21, 31],
 [21, 22],
 [21, 32],
 [22, 32],
 [22, 23],
 [22, 33],
 [23, 33],
 [23, 24],
 [23, 34],
 [24, 34],
 [24, 25],
 [24, 35],
 [25, 35],
 [25, 26],
 [25, 36],
 [26, 36],
 [26, 27],
 [26, 37],
 [27, 37],
 [27, 28],
 [27, 38],
 [28, 38],
 [28, 29],
 [28, 39],
 [29, 39],
 [20, 100],
 [29, 101],
 [30, 40],
 [30, 31],
 [30, 41],
 [31, 41],
 [31, 32],
 [31, 42],
 [32, 42],
 [32, 33],
 [32, 43],
 [33, 43],
 [33, 34],
 [33, 44],
 [34, 44],
 [34, 35],
 [34, 45],
 [35, 45],
 [35, 36],
 [35, 46],
 [36, 46],
 [36, 37],
 [36, 47],
 [37, 47],
 [37, 38],
 [37, 48],
 [38, 48],
 [38, 39],
 [38, 49],
 [39, 49],
 [30, 100],
 [39, 101],
 [40, 50],
 [40, 41],
 [40, 51],
 [41, 51],
 [41, 42],
 [41, 52],
 [42, 52],
 [42, 43],
 [42, 53],
 [43, 53],
 [43, 44],
 [43, 54],
 [44, 54],
 [44, 45],
 [44, 55],
 [45, 55],
 [45, 46],
 [45, 56],
 [46, 56],
 [46, 47],
 [46, 57],
 [47, 57],
 [47, 48],
 [47, 58],
 [48, 58],
 [48, 49],
 [48, 59],
 [49, 59],
 [40, 100],
 [49, 101],
 [50, 60],
 [50, 51],
 [50, 61],
 [51, 61],
 [51, 52],
 [51, 62],
 [52, 62],
 [52, 53],
 [52, 63],
 [53, 63],
 [53, 54],
 [53, 64],
 [54, 64],
 [54, 55],
 [54, 65],
 [55, 65],
 [55, 56],
 [55, 66],
 [56, 66],
 [56, 57],
 [56, 67],
 [57, 67],
 [57, 58],
 [57, 68],
 [58, 68],
 [58, 59],
 [58, 69],
 [59, 69],
 [50, 100],
 [59, 101],
 [60, 70],
 [60, 61],
 [60, 71],
 [61, 71],
 [61, 62],
 [61, 72],
 [62, 72],
 [62, 63],
 [62, 73],
 [63, 73],
 [63, 64],
 [63, 74],
 [64, 74],
 [64, 65],
 [64, 75],
 [65, 75],
 [65, 66],
 [65, 76],
 [66, 76],
 [66, 67],
 [66, 77],
 [67, 77],
 [67, 68],
 [67, 78],
 [68, 78],
 [68, 69],
 [68, 79],
 [69, 79],
 [60, 100],
 [69, 101],
 [70, 80],
 [70, 71],
 [70, 81],
 [71, 81],
 [71, 72],
 [71, 82],
 [72, 82],
 [72, 73],
 [72, 83],
 [73, 83],
 [73, 74],
 [73, 84],
 [74, 84],
 [74, 75],
 [74, 85],
 [75, 85],
 [75, 76],
 [75, 86],
 [76, 86],
 [76, 77],
 [76, 87],
 [77, 87],
 [77, 78],
 [77, 88],
 [78, 88],
 [78, 79],
 [78, 89],
 [79, 89],
 [70, 100],
 [79, 101],
 [80, 90],
 [80, 81],
 [80, 91],
 [81, 91],
 [81, 82],
 [81, 92],
 [82, 92],
 [82, 83],
 [82, 93],
 [83, 93],
 [83, 84],
 [83, 94],
 [84, 94],
 [84, 85],
 [84, 95],
 [85, 95],
 [85, 86],
 [85, 96],
 [86, 96],
 [86, 87],
 [86, 97],
 [87, 97],
 [87, 88],
 [87, 98],
 [88, 98],
 [88, 89],
 [88, 99],
 [89, 99],
 [80, 100],
 [89, 101],
 [90, 0],
 [90, 91],
 [90, 1],
 [91, 1],
 [91, 92],
 [91, 2],
 [92, 2],
 [92, 93],
 [92, 3],
 [93, 3],
 [93, 94],
 [93, 4],
 [94, 4],
 [94, 95],
 [94, 5],
 [95, 5],
 [95, 96],
 [95, 6],
 [96, 6],
 [96, 97],
 [96, 7],
 [97, 7],
 [97, 98],
 [97, 8],
 [98, 8],
 [98, 99],
 [98, 9],
 [99, 9],
 [90, 100],
 [99, 101],
 ]


delta_2=[
 [0, 1, 11],
 [0, 1, 90],
 [0, 10, 11],
 [0, 10, 100],
 [0, 90, 100],
 [1, 2, 12],
 [1, 2, 91],
 [1, 11, 12],
 [1, 90, 91],
 [2, 3, 13],
 [2, 3, 92],
 [2, 12, 13],
 [2, 91, 92],
 [3, 4, 14],
 [3, 4, 93],
 [3, 13, 14],
 [3, 92, 93],
 [4, 5, 15],
 [4, 5, 94],
 [4, 14, 15],
 [4, 93, 94],
 [5, 6, 16],
 [5, 6, 95],
 [5, 15, 16],
 [5, 94, 95],
 [6, 7, 17],
 [6, 7, 96],
 [6, 16, 17],
 [6, 95, 96],
 [7, 8, 18],
 [7, 8, 97],
 [7, 17, 18],
 [7, 96, 97],
 [8, 9, 19],
 [8, 9, 98],
 [8, 18, 19],
 [8, 97, 98],
 [9, 19, 101],
 [9, 98, 99],
 [9, 99, 101],
 [10, 11, 21],
 [10, 20, 21],
 [10, 20, 100],
 [11, 12, 22],
 [11, 21, 22],
 [12, 13, 23],
 [12, 22, 23],
 [13, 14, 24],
 [13, 23, 24],
 [14, 15, 25],
 [14, 24, 25],
 [15, 16, 26],
 [15, 25, 26],
 [16, 17, 27],
 [16, 26, 27],
 [17, 18, 28],
 [17, 27, 28],
 [18, 19, 29],
 [18, 28, 29],
 [19, 29, 101],
 [20, 21, 31],
 [20, 30, 31],
 [20, 30, 100],
 [21, 22, 32],
 [21, 31, 32],
 [22, 23, 33],
 [22, 32, 33],
 [23, 24, 34],
 [23, 33, 34],
 [24, 25, 35],
 [24, 34, 35],
 [25, 26, 36],
 [25, 35, 36],
 [26, 27, 37],
 [26, 36, 37],
 [27, 28, 38],
 [27, 37, 38],
 [28, 29, 39],
 [28, 38, 39],
 [29, 39, 101],
 [30, 31, 41],
 [30, 40, 41],
 [30, 40, 100],
 [31, 32, 42],
 [31, 41, 42],
 [32, 33, 43],
 [32, 42, 43],
 [33, 34, 44],
 [33, 43, 44],
 [34, 35, 45],
 [34, 44, 45],
 [35, 36, 46],
 [35, 45, 46],
 [36, 37, 47],
 [36, 46, 47],
 [37, 38, 48],
 [37, 47, 48],
 [38, 39, 49],
 [38, 48, 49],
 [39, 49, 101],
 [40, 41, 51],
 [40, 50, 51],
 [40, 50, 100],
 [41, 42, 52],
 [41, 51, 52],
 [42, 43, 53],
 [42, 52, 53],
 [43, 44, 54],
 [43, 53, 54],
 [44, 45, 55],
 [44, 54, 55],
 [45, 46, 56],
 [45, 55, 56],
 [46, 47, 57],
 [46, 56, 57],
 [47, 48, 58],
 [47, 57, 58],
 [48, 49, 59],
 [48, 58, 59],
 [49, 59, 101],
 [50, 51, 61],
 [50, 60, 61],
 [50, 60, 100],
 [51, 52, 62],
 [51, 61, 62],
 [52, 53, 63],
 [52, 62, 63],
 [53, 54, 64],
 [53, 63, 64],
 [54, 55, 65],
 [54, 64, 65],
 [55, 56, 66],
 [55, 65, 66],
 [56, 57, 67],
 [56, 66, 67],
 [57, 58, 68],
 [57, 67, 68],
 [58, 59, 69],
 [58, 68, 69],
 [59, 69, 101],
 [60, 61, 71],
 [60, 70, 71],
 [60, 70, 100],
 [61, 62, 72],
 [61, 71, 72],
 [62, 63, 73],
 [62, 72, 73],
 [63, 64, 74],
 [63, 73, 74],
 [64, 65, 75],
 [64, 74, 75],
 [65, 66, 76],
 [65, 75, 76],
 [66, 67, 77],
 [66, 76, 77],
 [67, 68, 78],
 [67, 77, 78],
 [68, 69, 79],
 [68, 78, 79],
 [69, 79, 101],
 [70, 71, 81],
 [70, 80, 81],
 [70, 80, 100],
 [71, 72, 82],
 [71, 81, 82],
 [72, 73, 83],
 [72, 82, 83],
 [73, 74, 84],
 [73, 83, 84],
 [74, 75, 85],
 [74, 84, 85],
 [75, 76, 86],
 [75, 85, 86],
 [76, 77, 87],
 [76, 86, 87],
 [77, 78, 88],
 [77, 87, 88],
 [78, 79, 89],
 [78, 88, 89],
 [79, 89, 101],
 [80, 81, 91],
 [80, 90, 91],
 [80, 90, 100],
 [81, 82, 92],
 [81, 91, 92],
 [82, 83, 93],
 [82, 92, 93],
 [83, 84, 94],
 [83, 93, 94],
 [84, 85, 95],
 [84, 94, 95],
 [85, 86, 96],
 [85, 95, 96],
 [86, 87, 97],
 [86, 96, 97],
 [87, 88, 98],
 [87, 97, 98],
 [88, 89, 99],
 [88, 98, 99],
 [89, 99, 101],
 ]
