delta_0=[
 [142, 103, 0],
 [140, 102, -22],
 [137, 99, -45],
 [131, 95, -66],
 [123, 89, -87],
 [112, 82, -106],
 [100, 73, -123],
 [86, 63, -138],
 [71, 51, -151],
 [54, 39, -161],
 [37, 27, -169],
 [54, 166, 0],
 [54, 165, -22],
 [52, 161, -45],
 [50, 154, -66],
 [47, 144, -87],
 [43, 132, -106],
 [38, 118, -123],
 [33, 101, -138],
 [27, 83, -151],
 [21, 64, -161],
 [14, 43, -169],
 [-54, 166, 0],
 [-54, 165, -22],
 [-52, 161, -45],
 [-50, 154, -66],
 [-47, 144, -87],
 [-43, 132, -106],
 [-38, 118, -123],
 [-33, 101, -138],
 [-27, 83, -151],
 [-21, 64, -161],
 [-14, 43, -169],
 [-142, 103, 0],
 [-140, 102, -22],
 [-137, 99, -45],
 [-131, 95, -66],
 [-123, 89, -87],
 [-112, 82, -106],
 [-100, 73, -123],
 [-86, 63, -138],
 [-71, 51, -151],
 [-54, 39, -161],
 [-37, 27, -169],
 [-175, 0, 0],
 [-174, 0, -22],
 [-169, 0, -45],
 [-162, 0, -66],
 [-152, 0, -87],
 [-139, 0, -106],
 [-124, 0, -123],
 [-107, 0, -138],
 [-88, 0, -151],
 [-67, 0, -161],
 [-45, 0, -169],
 [-142, -103, 0],
 [-140, -102, -22],
 [-137, -99, -45],
 [-131, -95, -66],
 [-123, -89, -87],
 [-112, -82, -106],
 [-100, -73, -123],
 [-86, -63, -138],
 [-71, -51, -151],
 [-54, -39, -161],
 [-37, -27, -169],
 [-54, -166, 0],
 [-54, -165, -22],
 [-52, -161, -45],
 [-50, -154, -66],
 [-47, -144, -87],
 [-43, -132, -106],
 [-38, -118, -123],
 [-33, -101, -138],
 [-27, -83, -151],
 [-21, -64, -161],
 [-14, -43, -169],
 [54, -166, 0],
 [54, -165, -22],
 [52, -161, -45],
 [50, -154, -66],
 [47, -144, -87],
 [43, -132, -106],
 [38, -118, -123],
 [33, -101, -138],
 [27, -83, -151],
 [21, -64, -161],
 [14, -43, -169],
 [142, -103, 0],
 [140, -102, -22],
 [137, -99, -45],
 [131, -95, -66],
 [123, -89, -87],
 [112, -82, -106],
 [100, -73, -123],
 [86, -63, -138],
 [71, -51, -151],
 [54, -39, -161],
 [37, -27, -169],
 [175, 0, 0],
 [174, 0, -22],
 [169, 0, -45],
 [162, 0, -66],
 [152, 0, -87],
 [139, 0, -106],
 [124, 0, -123],
 [107, 0, -138],
 [88, 0, -151],
 [67, 0, -161],
 [45, 0, -169],
 [0, 0, -175],
 [250, 81, 0],
 [212, 154, 0],
 [154, 212, 0],
 [81, 250, 0],
 [0, 262, 0],
 [-81, 250, 0],
 [-154, 212, 0],
 [-212, 154, 0],
 [-250, 81, 0],
 [-262, 0, 0],
 [-250, -81, 0],
 [-212, -154, 0],
 [-154, -212, 0],
 [-81, -250, 0],
 [0, -262, 0],
 [81, -250, 0],
 [154, -212, 0],
 [212, -154, 0],
 [250, -81, 0],
 [262, 0, 0],
 ]


delta_1=[
 [0, 11],
 [0, 1],
 [0, 12],
 [1, 12],
 [1, 2],
 [1, 13],
 [2, 13],
 [2, 3],
 [2, 14],
 [3, 14],
 [3, 4],
 [3, 15],
 [4, 15],
 [4, 5],
 [4, 16],
 [5, 16],
 [5, 6],
 [5, 17],
 [6, 17],
 [6, 7],
 [6, 18],
 [7, 18],
 [7, 8],
 [7, 19],
 [8, 19],
 [8, 9],
 [8, 20],
 [9, 20],
 [9, 10],
 [9, 21],
 [10, 21],
 [10, 110],
 [0, 111],
 [0, 112],
 [0, 113],
 [11, 22],
 [11, 12],
 [11, 23],
 [12, 23],
 [12, 13],
 [12, 24],
 [13, 24],
 [13, 14],
 [13, 25],
 [14, 25],
 [14, 15],
 [14, 26],
 [15, 26],
 [15, 16],
 [15, 27],
 [16, 27],
 [16, 17],
 [16, 28],
 [17, 28],
 [17, 18],
 [17, 29],
 [18, 29],
 [18, 19],
 [18, 30],
 [19, 30],
 [19, 20],
 [19, 31],
 [20, 31],
 [20, 21],
 [20, 32],
 [21, 32],
 [21, 110],
 [11, 113],
 [11, 114],
 [11, 115],
 [22, 33],
 [22, 23],
 [22, 34],
 [23, 34],
 [23, 24],
 [23, 35],
 [24, 35],
 [24, 25],
 [24, 36],
 [25, 36],
 [25, 26],
 [25, 37],
 [26, 37],
 [26, 27],
 [26, 38],
 [27, 38],
 [27, 28],
 [27, 39],
 [28, 39],
 [28, 29],
 [28, 40],
 [29, 40],
 [29, 30],
 [29, 41],
 [30, 41],
 [30, 31],
 [30, 42],
 [31, 42],
 [31, 32],
 [31, 43],
 [32, 43],
 [32, 110],
 [22, 115],
 [22, 116],
 [22, 117],
 [33, 44],
 [33, 34],
 [33, 45],
 [34, 45],
 [34, 35],
 [34, 46],
 [35, 46],
 [35, 36],
 [35, 47],
 [36, 47],
 [36, 37],
 [36, 48],
 [37, 48],
 [37, 38],
 [37, 49],
 [38, 49],
 [38, 39],
 [38, 50],
 [39, 50],
 [39, 40],
 [39, 51],
 [40, 51],
 [40, 41],
 [40, 52],
 [41, 52],
 [41, 42],
 [41, 53],
 [42, 53],
 [42, 43],
 [42, 54],
 [43, 54],
 [43, 110],
 [33, 117],
 [33, 118],
 [33, 119],
 [44, 55],
 [44, 45],
 [44, 56],
 [45, 56],
 [45, 46],
 [45, 57],
 [46, 57],
 [46, 47],
 [46, 58],
 [47, 58],
 [47, 48],
 [47, 59],
 [48, 59],
 [48, 49],
 [48, 60],
 [49, 60],
 [49, 50],
 [49, 61],
 [50, 61],
 [50, 51],
 [50, 62],
 [51, 62],
 [51, 52],
 [51, 63],
 [52, 63],
 [52, 53],
 [52, 64],
 [53, 64],
 [53, 54],
 [53, 65],
 [54, 65],
 [54, 110],
 [44, 119],
 [44, 120],
 [44, 121],
 [55, 66],
 [55, 56],
 [55, 67],
 [56, 67],
 [56, 57],
 [56, 68],
 [57, 68],
 [57, 58],
 [57, 69],
 [58, 69],
 [58, 59],
 [58, 70],
 [59, 70],
 [59, 60],
 [59, 71],
 [60, 71],
 [60, 61],
 [60, 72],
 [61, 72],
 [61, 62],
 [61, 73],
 [62, 73],
 [62, 63],
 [62, 74],
 [63, 74],
 [63, 64],
 [63, 75],
 [64, 75],
 [64, 65],
 [64, 76],
 [65, 76],
 [65, 110],
 [55, 121],
 [55, 122],
 [55, 123],
 [66, 77],
 [66, 67],
 [66, 78],
 [67, 78],
 [67, 68],
 [67, 79],
 [68, 79],
 [68, 69],
 [68, 80],
 [69, 80],
 [69, 70],
 [69, 81],
 [70, 81],
 [70, 71],
 [70, 82],
 [71, 82],
 [71, 72],
 [71, 83],
 [72, 83],
 [72, 73],
 [72, 84],
 [73, 84],
 [73, 74],
 [73, 85],
 [74, 85],
 [74, 75],
 [74, 86],
 [75, 86],
 [75, 76],
 [75, 87],
 [76, 87],
 [76, 110],
 [66, 123],
 [66, 124],
 [66, 125],
 [77, 88],
 [77, 78],
 [77, 89],
 [78, 89],
 [78, 79],
 [78, 90],
 [79, 90],
 [79, 80],
 [79, 91],
 [80, 91],
 [80, 81],
 [80, 92],
 [81, 92],
 [81, 82],
 [81, 93],
 [82, 93],
 [82, 83],
 [82, 94],
 [83, 94],
 [83, 84],
 [83, 95],
 [84, 95],
 [84, 85],
 [84, 96],
 [85, 96],
 [85, 86],
 [85, 97],
 [86, 97],
 [86, 87],
 [86, 98],
 [87, 98],
 [87, 110],
 [77, 125],
 [77, 126],
 [77, 127],
 [88, 99],
 [88, 89],
 [88, 100],
 [89, 100],
 [89, 90],
 [89, 101],
 [90, 101],
 [90, 91],
 [90, 102],
 [91, 102],
 [91, 92],
 [91, 103],
 [92, 103],
 [92, 93],
 [92, 104],
 [93, 104],
 [93, 94],
 [93, 105],
 [94, 105],
 [94, 95],
 [94, 106],
 [95, 106],
 [95, 96],
 [95, 107],
 [96, 107],
 [96, 97],
 [96, 108],
 [97, 108],
 [97, 98],
 [97, 109],
 [98, 109],
 [98, 110],
 [88, 127],
 [88, 128],
 [88, 129],
 [99, 0],
 [99, 100],
 [99, 1],
 [100, 1],
 [100, 101],
 [100, 2],
 [101, 2],
 [101, 102],
 [101, 3],
 [102, 3],
 [102, 103],
 [102, 4],
 [103, 4],
 [103, 104],
 [103, 5],
 [104, 5],
 [104, 105],
 [104, 6],
 [105, 6],
 [105, 106],
 [105, 7],
 [106, 7],
 [106, 107],
 [106, 8],
 [107, 8],
 [107, 108],
 [107, 9],
 [108, 9],
 [108, 109],
 [108, 10],
 [109, 10],
 [109, 110],
 [99, 129],
 [99, 130],
 [99, 111],
 [111, 112],
 [112, 113],
 [113, 114],
 [114, 115],
 [115, 116],
 [116, 117],
 [117, 118],
 [118, 119],
 [119, 120],
 [120, 121],
 [121, 122],
 [122, 123],
 [123, 124],
 [124, 125],
 [125, 126],
 [126, 127],
 [127, 128],
 [128, 129],
 [129, 130],
 [130, 111],
 ]


delta_2=[
 [0, 1, 12],
 [0, 1, 99],
 [0, 11, 12],
 [0, 11, 113],
 [0, 99, 111],
 [0, 111, 112],
 [0, 112, 113],
 [1, 2, 13],
 [1, 2, 100],
 [1, 12, 13],
 [1, 99, 100],
 [2, 3, 14],
 [2, 3, 101],
 [2, 13, 14],
 [2, 100, 101],
 [3, 4, 15],
 [3, 4, 102],
 [3, 14, 15],
 [3, 101, 102],
 [4, 5, 16],
 [4, 5, 103],
 [4, 15, 16],
 [4, 102, 103],
 [5, 6, 17],
 [5, 6, 104],
 [5, 16, 17],
 [5, 103, 104],
 [6, 7, 18],
 [6, 7, 105],
 [6, 17, 18],
 [6, 104, 105],
 [7, 8, 19],
 [7, 8, 106],
 [7, 18, 19],
 [7, 105, 106],
 [8, 9, 20],
 [8, 9, 107],
 [8, 19, 20],
 [8, 106, 107],
 [9, 10, 21],
 [9, 10, 108],
 [9, 20, 21],
 [9, 107, 108],
 [10, 21, 110],
 [10, 108, 109],
 [10, 109, 110],
 [11, 12, 23],
 [11, 22, 23],
 [11, 22, 115],
 [11, 113, 114],
 [11, 114, 115],
 [12, 13, 24],
 [12, 23, 24],
 [13, 14, 25],
 [13, 24, 25],
 [14, 15, 26],
 [14, 25, 26],
 [15, 16, 27],
 [15, 26, 27],
 [16, 17, 28],
 [16, 27, 28],
 [17, 18, 29],
 [17, 28, 29],
 [18, 19, 30],
 [18, 29, 30],
 [19, 20, 31],
 [19, 30, 31],
 [20, 21, 32],
 [20, 31, 32],
 [21, 32, 110],
 [22, 23, 34],
 [22, 33, 34],
 [22, 33, 117],
 [22, 115, 116],
 [22, 116, 117],
 [23, 24, 35],
 [23, 34, 35],
 [24, 25, 36],
 [24, 35, 36],
 [25, 26, 37],
 [25, 36, 37],
 [26, 27, 38],
 [26, 37, 38],
 [27, 28, 39],
 [27, 38, 39],
 [28, 29, 40],
 [28, 39, 40],
 [29, 30, 41],
 [29, 40, 41],
 [30, 31, 42],
 [30, 41, 42],
 [31, 32, 43],
 [31, 42, 43],
 [32, 43, 110],
 [33, 34, 45],
 [33, 44, 45],
 [33, 44, 119],
 [33, 117, 118],
 [33, 118, 119],
 [34, 35, 46],
 [34, 45, 46],
 [35, 36, 47],
 [35, 46, 47],
 [36, 37, 48],
 [36, 47, 48],
 [37, 38, 49],
 [37, 48, 49],
 [38, 39, 50],
 [38, 49, 50],
 [39, 40, 51],
 [39, 50, 51],
 [40, 41, 52],
 [40, 51, 52],
 [41, 42, 53],
 [41, 52, 53],
 [42, 43, 54],
 [42, 53, 54],
 [43, 54, 110],
 [44, 45, 56],
 [44, 55, 56],
 [44, 55, 121],
 [44, 119, 120],
 [44, 120, 121],
 [45, 46, 57],
 [45, 56, 57],
 [46, 47, 58],
 [46, 57, 58],
 [47, 48, 59],
 [47, 58, 59],
 [48, 49, 60],
 [48, 59, 60],
 [49, 50, 61],
 [49, 60, 61],
 [50, 51, 62],
 [50, 61, 62],
 [51, 52, 63],
 [51, 62, 63],
 [52, 53, 64],
 [52, 63, 64],
 [53, 54, 65],
 [53, 64, 65],
 [54, 65, 110],
 [55, 56, 67],
 [55, 66, 67],
 [55, 66, 123],
 [55, 121, 122],
 [55, 122, 123],
 [56, 57, 68],
 [56, 67, 68],
 [57, 58, 69],
 [57, 68, 69],
 [58, 59, 70],
 [58, 69, 70],
 [59, 60, 71],
 [59, 70, 71],
 [60, 61, 72],
 [60, 71, 72],
 [61, 62, 73],
 [61, 72, 73],
 [62, 63, 74],
 [62, 73, 74],
 [63, 64, 75],
 [63, 74, 75],
 [64, 65, 76],
 [64, 75, 76],
 [65, 76, 110],
 [66, 67, 78],
 [66, 77, 78],
 [66, 77, 125],
 [66, 123, 124],
 [66, 124, 125],
 [67, 68, 79],
 [67, 78, 79],
 [68, 69, 80],
 [68, 79, 80],
 [69, 70, 81],
 [69, 80, 81],
 [70, 71, 82],
 [70, 81, 82],
 [71, 72, 83],
 [71, 82, 83],
 [72, 73, 84],
 [72, 83, 84],
 [73, 74, 85],
 [73, 84, 85],
 [74, 75, 86],
 [74, 85, 86],
 [75, 76, 87],
 [75, 86, 87],
 [76, 87, 110],
 [77, 78, 89],
 [77, 88, 89],
 [77, 88, 127],
 [77, 125, 126],
 [77, 126, 127],
 [78, 79, 90],
 [78, 89, 90],
 [79, 80, 91],
 [79, 90, 91],
 [80, 81, 92],
 [80, 91, 92],
 [81, 82, 93],
 [81, 92, 93],
 [82, 83, 94],
 [82, 93, 94],
 [83, 84, 95],
 [83, 94, 95],
 [84, 85, 96],
 [84, 95, 96],
 [85, 86, 97],
 [85, 96, 97],
 [86, 87, 98],
 [86, 97, 98],
 [87, 98, 110],
 [88, 89, 100],
 [88, 99, 100],
 [88, 99, 129],
 [88, 127, 128],
 [88, 128, 129],
 [89, 90, 101],
 [89, 100, 101],
 [90, 91, 102],
 [90, 101, 102],
 [91, 92, 103],
 [91, 102, 103],
 [92, 93, 104],
 [92, 103, 104],
 [93, 94, 105],
 [93, 104, 105],
 [94, 95, 106],
 [94, 105, 106],
 [95, 96, 107],
 [95, 106, 107],
 [96, 97, 108],
 [96, 107, 108],
 [97, 98, 109],
 [97, 108, 109],
 [98, 109, 110],
 [99, 111, 130],
 [99, 129, 130],
 ]
